134
9 8
8 5
9 3
6 4
46 13
13 88
97 66
68 63
61 42
846 765
280 383
430 532
524 599
445 589
389 754
969 544
838 853
775 999
329 401
6734 4319
6510 2621
4463 6661
4903 4642
6022 7541
4724 8324
1524 1744
4068 6029
6307 6936
9755 9167
5629 8682
1926 4154
1889 9130
6677 6254
1883 8547
820815 786756
761256 579360
733093 200909
867044 211843
903175 151679
807644 746450
589123 673425
518083 462857
596793 499827
245826 891180
166616 858220
726701 600009
198064 666151
703331 312359
405917 109697
675371 862166
581470 131600
421445 956031
709726 817465
866724 635835
1187881421 6418350628
3858879925 7206117474
1493590132 8239982337
3548300426 9373677026
2268491035 2717911910
5524105651 9791587459
7614915381 3797679457
5521968372 4152927477
3609933910 9059767446
4052207671 5235500399
7470471142 2958610258
9024521708 7796098189
8908054466 8249365782
8526856161 9278849816
3273239889 7573932460
3795854307 3751668021
6523752820 4676294792
5725143819 2304847225
9044957975 2601636172
4475520239 2141150894
4219495655278 7959789352635
4900831691198 9188095483226
2317861891079 3447008820671
5612062146440 2465856474178
6748178579397 5212773371474
8738351720347 7075536438064
3992196287137 9581829729153
6139943419877 3041841665133
9477391372009 8286470817460
6277730365006 2050352338747
9022567489389 3908597965281
1953398561140 7026873074503
3387271669009 7151776119805
2617255394817 8552327587459
8639808371547 7044817548748
8181049894020 3635407741832
1221511500109 5756288630215
3495151272647 4599546721592
2244441006181 1247410812245
2129319440930 6838123406162
103772232968346 983242452169613
585720191730388 380133950051415
422077018487222 595651317303169
286569091976449 218739838362074
491521589907502 818646167320252
147446097296126 479729319262991
670078428059623 866969572122428
541792192915304 205040572866553
551961399925692 491908530113300
594959777929587 745323789042971
388723714527562 483512257444795
168516564885932 204404393535297
840354912237503 366315163381651
531808329058711 576146075540094
667802733210351 333235808947191
330610231399928 709944864737833
428172335771766 877504438736914
728044720433426 126665007321832
592363207809451 591750626687217
130209325011710 191369884122946
619407616786072260620284858837 817828780632823293856662227423
438798801245141004181013597201 366199544267421900443377795925
142231588732101955150705716781 597874352570654950108853148041
842739503688868575534684940270 791234645173024505136979889460
670990060946239731564854941075 406753761802682063031503566345
951034659193481853989200533235 396320944439990251487474777824
206932598379823978425144797994298650546731150854772569361156 384565356913107127191055034485937623669520783632563761924639
578735771379497984105306424299382531456416145935909418857978 223671848434824995603682764001412772258231801246612206011709
313360543204881493780631251553426731613944420449411776832641 132556538705815061303529833605941999361659342550664035705537
410229156319002990996014997501549336086480136599736467452168 260252570901801749434440399299131842389797294394336134967502
878774156511143327626535344200469206645326414150880485791228 696144105907606798689059398098447419095494605966837430592473
129280653092775672202919800154704338232269500316424851032331 640907296497650503908229120326554488974190820747529204102800
305875088765044366360648772816337456481341388790879478663939 168597362709264178183738255150924051387177946899638438226620
939758103360380886764862014636095024691566196150370398819047 247039336088377891322936909792029772211137853348476871436531
759771871846521739385701728143079043969576317125139205064206 778358764823276377230433555055506602218921606280558112028580
9280129355883068400947435373943124677593864185869732776743273212385891691453241080903296089426733411 7957298101551801669340807747985154798096278119697975779910622196603925886218154163280943590573751769
7244729502609124241639464220979457745304560844626959664995089134380557194890233888345212855717174788 2582410823272829277017656818195675217420024283164624956953055654737442800915945649443596154489566079
6729190943917336776166282250807558403449710946472203740794071247596026576038858905905425875862704207 3648734949994845876129945331463185139519218521178330089457010342156552146048478499004641286893097485
4095247390696933100066567740319516437531884472392543170122634326541395749394251930495044002931763173 5078758838949510722670148677198377327871828968646311009996795656414967251482657773370197215471344439
5372970582781909451056045445914378038347140264521064626323758024509784630912691487911964438465860042 8454281505409853091403199613084261121661821411910411494037157237871311396901481239347474994264345123
