114
107341 107783
111120 120872
7 5
1 3
100 59
68 76
61 78
60 34
47 80
317 761
966 392
985 511
230 633
926 619
107 145
887 508
992 206
210 800
557 825
1362 8779
1762 5150
3159 2681
8195 7194
5074 2789
6069 1840
7779 3184
8415 9151
4482 5701
1495 7842
3461 6131
8065 1708
3881 1360
5746 8543
1680 3084
252316 110963
816179 323115
545368 529892
990959 759853
574148 379782
449231 896376
523480 110705
737832 145383
302031 273602
731584 844728
992278 211495
312951 445655
206997 745535
973802 398882
931640 765121
696526 601761
313336 553008
257868 490355
468272 370984
931464 919358
8473051488 4766556413
7196099782 3852552771
3620176173 3525313204
1572657466 1870082546
7795335281 3487106118
4701742276 3577015465
7719696057 4465248292
4822555603 6328605081
8595102511 5350640838
5749334708 6593003684
1751156227 9963108069
8103546957 4778542000
4916926046 8532541951
9532427497 4705781905
7092478618 1786915581
3413986989 5373477286
3466448409 8080507625
2040094579 7338532863
2894466919 8458738358
1604160833 6184451414
4959094053340 9753116131053
4185351569419 7684049559635
9316943119998 5723863412725
3994093785576 5521943568227
8151682669287 7948479154933
6834189684973 5128086166947
5478060792563 1670754195321
2328681172563 8596155284487
6793853141113 8914541916904
2206029775147 4517645598247
7308298444163 7977654137118
9268260118339 8782711600483
4642386127977 8949919614421
1299809436810 7958134758025
4327139695031 8488637243146
2684879343413 4725919347953
4169408185369 5646104537168
6742966555866 6273083809676
9154111184517 8677217049242
3423010757737 2975600642989
417822598280141 206447910401159
843017661183872 988848564246368
656407020410049 110057240179003
822147101056710 935293621350054
119466896040626 415167587746896
620550220342288 174969868613076
957444649209398 146399272777157
455128877698686 897117706196690
748402131093919 359344283499545
674377157234935 582526261720913
188675283485242 115000976332881
646920299559007 355566510820535
390480960177026 225479037587469
445311140437876 363369890673159
992300526668952 890000197454866
260855174490260 709544399365434
900139204288742 112464761300347
826701711338053 428610005839876
507367876483979 498834093615768
733025169748027 406196506587602
